# Cosine Similarity - Nike description dataset

Based on the Nike dataset provided, I analyzed the similarity between the first 10 products, using the description of each item.

I cleared the html tags and I filtered based on stop words, then I calculated the cosine similarity between the 10 products.

The results are shown below:
[[1.         0.20654421 0.05105665 0.19328075 0.0890753  0.23169385
  0.11209331 0.06440842 0.08540108 0.15046319]
 [0.20654421 1.         0.08229813 0.17291393 0.10501678 0.08457206
  0.08272362 0.03000048 0.15929634 0.03885089]
 [0.05105665 0.08229813 1.         0.04802416 0.06947739 0.02510797
  0.05220853 0.09047396 0.15639781 0.06171909]
 [0.19328075 0.17291393 0.04802416 1.         0.12204355 0.05081137
  0.09603164 0.07133079 0.08086322 0.05046909]
 [0.0890753  0.10501678 0.06947739 0.12204355 1.         0.09287937
  0.05492415 0.03753584 0.06542684 0.05998197]
 [0.23169385 0.08457206 0.02510797 0.05081137 0.09287937 1.
  0.11092498 0.15154182 0.05485589 0.10823194]
 [0.11209331 0.08272362 0.05220853 0.09603164 0.05492415 0.11092498
  1.         0.05800043 0.07723882 0.0339082 ]
 [0.06440842 0.03000048 0.09047396 0.07133079 0.03753584 0.15154182
  0.05800043 1.         0.08033661 0.00754079]
 [0.08540108 0.15929634 0.15639781 0.08086322 0.06542684 0.05485589
  0.07723882 0.08033661 1.         0.05061212]
 [0.15046319 0.03885089 0.06171909 0.05046909 0.05998197 0.10823194
  0.0339082  0.00754079 0.05061212 1.        ]]

The most 2 similar products are Product 1 and Product 6 because it has the biggest value of cosine similarity (0.23169385).